# 256
1017854
1046449
807783
198915
742135
261889
191932
358990
125789
171134
287553
640284
858081
981940
910739
349080
800008
885938
890826
694530
662392
1076696
614132
476182
343818
732766
875893
35548
1055121
264992
592020
300357
409811
456871
282269
353395
201843
755737
455455
88395
843783
669793
956394
1039539
957165
739196
821451
331361
26346
439908
753323
731645
1047935
26547
541177
263259
853375
19600
328223
427424
389344
582074
408378
556324
881870
679768
330512
380693
988268
357033
746024
758077
12666
570273
567418
907042
780953
177432
511058
615198
222992
780862
1005400
56065
499474
384704
208127
615026
353312
117878
643182
886596
967958
898824
563528
591934
327075
109502
58263
334889
700911
14478
49223
197135
49016
622401
1008461
536291
10174
219583
104700
60220
506242
728440
86858
477037
951796
24393
67179
940338
914050
295344
461887
411153
853827
534450
428586
781752
848673
483561
142270
150868
415346
748557
45600
46362
760845
838221
673357
84729
900017
397864
1072228
505076
977278
333827
611711
968116
789240
79215
657349
422186
789727
184344
740019
99316
872479
362873
471430
966242
30178
52505
1008381
37647
712436
788473
437584
164401
862437
637626
779319
799662
184074
519577
770214
637889
553828
56526
838962
582983
512989
25195
172999
599176
1061221
90732
361605
189870
474566
361600
208035
608574
742118
959903
1078590
728122
62215
766004
584805
911893
12755
451898
842614
47742
685868
731157
880705
24662
950020
106016
1067703
206068
606893
7338
247557
765329
1020662
7956
188371
776996
450854
429023
531319
277180
84984
868321
736807
1035565
181592
37638
1041557
393669
574108
658318
598849
969690
728697
922041
1064472
1011684
813
1052881
875507
662562
763138
799614
537156
535487
399070
966617
373650
656537
118742
404568
158438
1077792
