# 256
1035934
1331771
883558
179051
103864
519396
870421
991383
509183
736647
162656
415575
127917
421403
941447
1272509
632500
333961
1272102
1232420
735590
1329049
938387
1153646
403079
159764
658631
985951
1201901
266432
619383
68524
1333072
439915
1367254
155517
1225941
48856
232965
1315004
227550
1200334
1236096
722174
336737
1366544
319675
853434
1308607
246806
86423
585278
101657
710499
708284
438447
646342
964662
1363490
39121
1130212
1138262
1188531
131417
1105354
1244550
11284
628339
1170829
701270
1198977
1248277
212393
1026831
119616
339330
771509
1188780
769520
193764
854927
512744
1390407
931084
674832
603655
20108
969266
418138
1001330
393514
1144404
24183
546878
1251480
46171
1307045
296117
1021189
981188
326201
1150220
824553
306572
1086727
627572
1073669
210344
317483
940981
689122
126997
1369679
981282
732730
777956
1239733
1032769
461663
1271956
1201452
1233526
765031
1376223
597764
568543
732718
464631
484623
738503
1221325
619755
655484
945111
140754
23206
60629
1074233
982466
931609
909151
663436
1140759
303178
497597
1165446
891970
349716
1249264
1108579
426834
723300
896714
1109785
853753
961626
259646
702299
201290
1147934
620010
798597
396351
1388113
1256930
416759
772658
1190679
61957
1385721
1127046
31573
128863
693787
318982
738244
318863
304216
1304221
600115
412412
401260
1184425
1011357
493774
217173
664252
315696
11337
128914
891839
835960
1066928
360646
529531
130116
1220678
1150593
887517
234808
723661
472110
805554
1309464
439378
415753
679938
861119
1360766
932276
881148
760365
1207832
1026239
54731
121564
782914
459507
445985
1169665
5542
136039
1339406
1381843
945235
429768
839650
792723
472736
1203838
1067271
538097
77621
1050609
607437
1095407
1267976
102833
868789
98286
1109220
749180
237125
1024660
658792
937383
1033209
518356
453450
1236488
93856
174855
1195285
113960
431142
328067
