# 256
326556
1131796
57899
1274344
597744
416580
1687269
929829
1173885
455843
1325664
1908482
1108574
919659
1702021
968792
1836201
504665
940966
591343
1224876
483673
1183589
1697710
819660
1645215
1726678
681573
41229
1496429
1691425
1189801
1508012
1874276
1523289
1841879
422724
345894
683765
1406202
805090
897116
567292
1048648
977252
846559
142690
1878510
1474968
1201004
1615183
672374
957162
231708
1367804
347472
120938
1510228
126502
533851
1198481
541718
587211
1417241
228593
1876814
343283
321986
1505285
973518
1710432
711481
766154
1602634
633012
792766
1157969
1849856
380589
716266
678205
1204909
268104
707073
834999
1460412
857466
1085545
1023838
845918
25970
1537613
1440710
1382900
1580194
1011133
1200497
797666
1627944
781432
1200646
1649209
794047
580196
1695327
285909
1226586
690793
706404
863625
1732527
128171
802803
1259021
1109299
1217865
1348131
208375
285073
263913
1401800
643397
959796
1128259
512222
799563
141686
479893
1880746
864927
1243322
306411
783234
707989
1544647
613649
816619
921186
1846357
891480
1207952
724132
1458104
1935590
1292901
716441
1963174
337916
1239085
1391514
572653
458737
988276
805729
186193
1447541
909143
1587326
1632579
1142158
1193705
443825
1374588
1688498
1715155
1031157
522956
1600760
1152250
539290
61869
542379
1449766
1001306
291623
365203
557252
1854265
1378287
1633126
1618155
945156
321365
1199143
539398
960957
1875844
1518675
655061
735290
76889
159237
764766
1589655
1918632
1308052
1861863
255676
167660
14433
1388490
1596796
308039
1775038
598902
623755
845915
1005010
1359791
1270732
847114
62613
914510
563143
1835200
1262099
945710
1261845
1336310
1305105
1379143
226487
18362
1335664
37771
917755
595528
1930227
501413
493498
1193659
1143651
513357
1112158
967500
1776669
1749733
1818115
655080
444264
1778496
1166457
1208898
1127040
345370
880086
781517
1726239
1763628
387395
461428
539707
900840
1617656
718393
1301816
